1400050000
1373055000
332639000
271066400
211755692
207774520
206140000
165570000
146748590
127792286
126010000
114964000
109581000
102334000
94666000
89561000
83993000
83900373
83149300
67064000
66436000
66413979
60317000
59734000
58775022
54410000
51780000
50911747
47564300
47100396
45376763
43900000
42430600
41710267
41583600
40150200
38386000
37894799
35952000
34218169
33724900
32890171
32680000
32625948
31127674
30280482
30066648
29996478
29826000
28436066
26453542
26251309
26133035
25779000
25464116
24207000
23600903
21413000
20251000
20244080
19458310
19405000
18632200
18384000
17563749
17510643
17501000
17282163
16244513
16209125
15893000
15288489
14901286
14863000
12559623
12374397
12309600
12114193
11722038
11633371
11455519
11403000
11280651
11194000
10724599
10649800
10554000
10448499
10276617
10230185
9981500
9772756
9413446
9304380
9304277
9127000
9152100
8947000
8858775
8603900
7977000
7706000
7252672
7013000
7000039
6963764
6871000
6825000
6625000
6486000
6389500
6031000
5806081
5703600
5518000
5517919
5450421
5367580
5111238
5058000
5002100
4976684
4904240
4830000
4700000
4420110
4278500
4076246
3900000
3716900
3547539
3546000
3530912
3492018
3238479
2965269
2862427
2794184
2782106
2726667
2504498
2417000
2226000
2142000
2154863
2080908
2077132
1968000
1919968
1795666
1503091
1403000
1399000
1324820
1318000
1265475
1160000
962451
884887
875899
870000
748931
744962
694619
626100
622182
597000
590100
557427
556857
493559
459500
408487
389410
364134
351965
307000
287000
245246
210240
202506
177301
119000
113000
110608
106000
104650
98093
98055
76177
72000
59000
56450
53000
38378
38100
33572
18000
17900
11000
10645
1591
453
